chr20	198838	201792	1	1	1	0	1	25
chr20	233567	243583	2	2	1	0	1	18
chr20	233572	273662	1	1	1	0	1	13
chr20	284756	318854	2	2	1	0	1	16
chr20	286416	318854	2	2	1	0	1	16
chr20	292705	318854	2	2	1	0	1	16
chr20	307774	318854	2	2	1	0	1	16
chr20	336553	384526	2	2	1	0	1	24
chr20	342782	384526	2	2	1	0	1	24
chr20	343921	359824	2	2	1	1	0	36
chr20	372612	398315	1	1	1	1	1	38
chr20	374202	384526	2	2	1	0	1	24
chr20	434233	463306	2	2	1	1	0	36
chr20	519120	566886	1	1	1	0	1	22
chr20	523632	553738	2	2	1	0	1	27
chr20	586130	594841	2	2	1	0	1	38
chr20	745178	752926	1	1	1	0	2	21
chr20	787482	814389	1	1	1	0	2	43
chr20	810842	828683	1	1	1	1	1	30
chr20	1370073	1372075	2	2	1	1	0	40
chr20	1383604	1428614	1	1	1	0	1	24
chr20	1720796	1762818	2	2	1	1	0	38
chr20	1883108	1901401	2	2	1	0	2	30
chr20	2199875	2220864	1	1	1	0	2	25
chr20	2227678	2252170	1	1	1	0	1	33
chr20	2327351	2337594	2	2	1	1	0	34
chr20	2377213	2402006	1	1	1	1	0	28
chr20	2407388	2421901	1	1	1	1	0	21
chr20	2447518	2486701	1	1	1	2	0	37
chr20	2461794	2462635	2	2	1	7	0	42
chr20	2461940	2462635	2	2	1	3	0	42
chr20	2462762	2463088	2	2	1	6	0	43
chr20	2463228	2463746	2	2	1	1	0	37
chr20	2465587	2465707	2	2	1	1	0	18
chr20	2481934	2531164	1	1	1	1	0	16
chr20	2606491	2639127	2	2	1	1	0	31
chr20	2627955	2644171	1	1	1	0	2	25
chr20	2656550	2656773	1	1	1	1	0	11
chr20	2772479	2783346	2	2	1	1	1	31
chr20	2807032	2831779	1	1	1	1	0	19
chr20	2830554	2853871	2	2	1	0	1	33
chr20	2831127	2831296	1	1	1	1	0	21
chr20	2831505	2853831	2	2	1	2	1	44
chr20	2842385	2869734	1	1	1	1	0	27
chr20	2843219	2885850	1	1	1	0	2	36
chr20	2883438	2885850	1	1	1	1	2	38
chr20	2900732	2913252	2	2	1	0	1	30
chr20	2915728	2950378	2	2	1	1	0	20
chr20	2946635	2992303	1	1	1	0	1	19
chr20	2951926	2989802	1	1	0	0	1	17
chr20	2957091	2958627	2	4	1	1	1	20
chr20	2969900	3010557	1	1	1	0	1	32
chr20	3078837	3096329	1	1	1	1	0	23
chr20	3170277	3206483	1	1	1	1	0	24
chr20	3190820	3191189	2	2	1	1	0	30
chr20	3197049	3198526	2	2	1	0	2	37
chr20	3246219	3269139	2	2	1	1	0	31
chr20	3246278	3246451	2	2	1	1	0	25
chr20	3261644	3267129	1	1	1	1	0	25
chr20	3285784	3293490	1	1	1	0	1	19
chr20	3292146	3317743	2	2	1	1	0	27
chr20	3326552	3375680	2	2	1	1	0	34
chr20	3355357	3366706	2	2	1	0	1	18
chr20	3365615	3413126	2	2	1	1	0	22
chr20	3449150	3459345	2	2	1	0	2	22
chr20	3474481	3517542	1	1	1	0	1	18
chr20	3541310	3554566	2	2	1	0	2	35
chr20	3541310	3555235	2	2	1	0	2	28
chr20	3737772	3763024	1	1	1	0	1	27
chr20	3782232	3811011	1	1	1	0	1	24
chr20	3789607	3885454	1	1	1	1	0	41
chr20	3802101	3802280	1	1	1	1	0	39
chr20	3803207	3803403	1	1	1	1	0	18
chr20	3836221	3852226	2	2	0	0	1	27
chr20	3836221	3869405	2	2	1	1	1	38
chr20	3838114	3840958	2	2	1	1	0	35
chr20	3851783	3892168	2	2	1	1	0	38
chr20	3860908	3899936	2	2	1	0	1	19
chr20	3880751	3885467	2	2	1	0	1	38
chr20	3886533	3896205	1	1	1	0	1	28
chr20	3892248	3892279	1	1	1	1	0	19
chr20	3894722	3900911	1	1	1	1	0	29
chr20	3896144	3909671	2	2	1	0	1	43
chr20	3905952	3943051	1	1	0	0	1	29
chr20	3909316	3943051	1	1	0	0	1	36
chr20	3940189	3961023	2	2	1	1	0	23
chr20	3941868	3979467	1	1	1	0	1	31
chr20	3943094	3951234	1	1	1	0	2	19
chr20	3965916	3997002	2	2	1	1	0	34
chr20	4080377	4125503	2	2	1	0	2	25
chr20	4093861	4137776	1	1	1	1	0	41
chr20	4100994	4132575	1	1	1	1	0	25
chr20	4148050	4151067	1	1	1	0	1	25
chr20	4202340	4205761	2	2	1	0	1	36
chr20	4245212	4286885	2	2	1	1	0	19
chr20	4252785	4265464	1	1	1	0	1	28
chr20	4664296	4672281	2	2	1	1	0	35
chr20	4679784	4707682	1	1	1	1	0	22
chr20	4753061	4757574	1	1	1	1	0	42
chr20	4875475	4879134	2	2	1	0	1	12
chr20	4915688	4957640	2	2	1	1	1	17
chr20	4944473	4957042	1	1	1	0	1	43
chr20	4957683	5005769	2	2	0	0	1	41
chr20	4983739	4984336	2	2	1	1	1	41
chr20	4984429	4988610	2	2	1	1	1	41
chr20	4987683	4991955	2	2	1	1	0	28
chr20	5004782	5012833	2	2	1	1	0	28
chr20	5005909	5014881	2	2	1	1	0	13
chr20	5009985	5020232	2	2	1	0	1	18
chr20	5016060	5031876	1	1	1	0	2	36
chr20	5017281	5034260	2	2	1	0	1	36
chr20	5038169	5045199	1	1	1	0	1	25
chr20	5047501	5074515	2	2	1	1	0	21
chr20	5053058	5094815	1	1	1	1	0	19
chr20	5056439	5064039	1	1	1	0	1	35
chr20	5064350	5092490	1	1	1	1	0	20
chr20	5089909	5103216	2	2	1	1	0	24
chr20	5093472	5137473	2	2	1	1	1	32
chr20	5094460	5123446	1	1	1	1	0	43
chr20	5115363	5115448	2	2	1	1	0	29
chr20	5268953	5312337	2	2	1	1	0	31
chr20	5476925	5518808	1	1	1	0	2	44
chr20	5508700	5534440	2	2	1	0	1	17
chr20	5582002	5620881	1	1	1	1	0	24
chr20	5615717	5632226	2	2	1	0	1	34
chr20	5620844	5622319	2	2	1	0	1	27
chr20	5620844	5670637	2	2	1	0	1	27
chr20	5622412	5633375	2	2	1	1	0	25
chr20	5628321	5632226	2	2	1	0	1	34
chr20	5665163	5680810	2	2	1	1	0	22
chr20	5666743	5679724	1	1	1	0	1	39
chr20	5747820	5747953	1	1	1	1	0	26
chr20	5747820	5749169	1	1	1	1	0	41
chr20	5763878	5790931	1	1	1	1	0	20
chr20	5772154	5801353	1	1	1	0	1	21
chr20	5776163	5820181	1	1	1	0	2	41
chr20	5781715	5820181	1	1	1	0	2	41
chr20	5790969	5819627	1	1	1	1	0	33
chr20	5803400	5820176	2	2	1	0	3	15
chr20	5820195	5854254	2	2	0	0	1	18
chr20	5845064	5850641	1	1	1	1	0	32
chr20	5850599	5877924	2	2	1	1	0	25
chr20	5891642	5894646	1	1	1	0	1	21
chr20	5891642	5913842	1	1	1	0	1	21
chr20	5944915	5946405	2	2	1	3	0	20
chr20	5960718	5969373	2	2	1	0	1	38
chr20	5960723	5968331	1	1	1	0	3	43
chr20	6116045	6119403	2	2	1	1	0	8
chr20	7528374	7562503	1	1	1	1	0	44
chr20	7983858	7987287	2	2	1	1	0	6
chr20	8486696	8495597	2	2	1	0	1	24
chr20	8486696	8498295	2	2	1	1	1	20
chr20	8986536	9036454	1	1	1	1	0	17
chr20	9076326	9124350	1	1	1	1	0	21
chr20	9426998	9459116	1	1	1	1	0	29
chr20	9470155	9474042	2	4	1	1	0	16
chr20	9584613	9597992	1	1	1	0	1	14
chr20	10413932	10420527	2	2	1	5	0	33
chr20	10444521	10477288	1	1	1	1	0	40
chr20	10569329	10574815	1	1	1	2	2	38
chr20	10732679	10756643	2	2	1	1	0	26
chr20	11370689	11397408	1	1	1	1	0	26
chr20	12050462	12053533	2	2	1	1	0	15
chr20	12293708	12314863	2	2	1	1	0	43
chr20	13154963	13163149	2	2	1	0	2	44
chr20	13233378	13259064	2	2	1	0	1	27
chr20	13406866	13418110	2	2	1	1	0	36
chr20	13634589	13634886	1	1	1	0	2	36
chr20	13660602	13673899	1	1	1	0	2	39
chr20	13667234	13673988	2	2	1	0	1	25
chr20	13716913	13748681	1	1	1	1	0	21
chr20	13881245	13888878	2	2	1	0	1	41
chr20	13939187	13976144	1	1	1	1	0	32
chr20	13981030	13992290	1	1	1	0	2	32
chr20	14083346	14099200	2	2	1	0	2	26
chr20	14201627	14202835	1	1	1	0	1	32
chr20	14311749	14356735	2	2	1	0	2	40
chr20	14317405	14363605	1	1	1	0	1	23
chr20	15401221	15403149	1	1	1	0	1	41
chr20	16009544	16025932	1	1	1	2	0	40
chr20	16503091	16512021	2	2	1	0	1	19
chr20	16623696	16665877	1	1	0	0	1	16
chr20	16657024	16665877	1	1	0	0	1	16
chr20	16730065	16731667	1	1	1	1	0	23
chr20	16730165	16731667	1	1	1	1	0	42
chr20	16731767	16732163	1	1	1	7	0	41
chr20	16732337	16737260	1	1	1	1	0	32
chr20	17516111	17527509	2	2	1	0	1	28
chr20	17546988	17580664	2	2	1	1	0	31
chr20	17604632	17607036	1	1	1	1	0	44
chr20	17660529	17682027	2	2	1	1	0	43
chr20	17673491	17718286	2	2	1	0	1	22
chr20	17723777	17731045	2	2	1	0	1	36
chr20	17891230	17905433	2	2	1	0	2	33
chr20	17943196	17947485	2	2	1	1	0	44
chr20	17962436	18000316	2	2	1	1	0	30
chr20	17974296	18005088	2	2	1	1	0	18
chr20	17980595	17994882	1	1	1	1	0	22
chr20	17986347	18008978	1	1	1	0	1	19
chr20	18016690	18042143	2	2	1	1	0	22
chr20	18068457	18071238	2	2	1	1	0	39
chr20	18070233	18092728	2	2	0	0	1	44
chr20	18076682	18111316	2	2	1	0	1	18
chr20	18100004	18100632	1	1	1	1	1	35
chr20	18116944	18122612	1	1	1	1	0	15
chr20	18123015	18132279	1	1	1	2	0	39
chr20	18128124	18132275	1	1	1	1	0	39
chr20	18155116	18158166	2	2	1	1	0	25
chr20	18168364	18171648	2	2	1	0	1	30
chr20	18372015	18404962	1	1	1	1	0	25
chr20	18485631	18485940	2	2	1	9	3	29
chr20	18527092	18554701	2	2	1	1	0	18
chr20	18548187	18550393	1	1	1	1	0	27
chr20	18567597	18569238	1	1	1	2	0	45
chr20	18599318	18618855	1	1	1	0	1	40
chr20	18650159	18653323	1	1	1	1	0	32
chr20	19910813	19912723	2	2	1	1	0	32
chr20	20026920	20032507	1	1	1	1	0	35
chr20	20032654	20033101	1	1	1	1	0	39
chr20	20036363	20037322	2	2	1	1	0	18
chr20	20038451	20039608	2	2	1	1	0	5
chr20	20359447	20387133	2	2	1	1	0	19
chr20	20670775	20673009	2	2	1	1	1	40
chr20	20750430	20779517	1	1	1	1	0	25
chr20	20760196	20778390	1	1	1	1	0	31
chr20	20767543	20771678	1	1	1	0	1	14
chr20	20895110	20896442	1	1	1	1	1	22
chr20	21223914	21224214	1	1	0	0	1	36
chr20	21277965	21301827	1	1	1	1	0	14
chr20	21301866	21330219	1	1	1	1	0	38
chr20	21305504	21348891	2	2	1	0	1	38
chr20	21326407	21326489	1	1	1	2	0	35
chr20	21326602	21328558	1	1	1	1	0	3
chr20	21333619	21333703	1	1	1	1	0	26
chr20	21333838	21333936	1	1	1	2	0	12
chr20	21333995	21334077	1	1	1	1	0	20
chr20	21431089	21440099	2	2	1	0	1	20
chr20	21431089	21446097	2	2	1	0	1	20
chr20	22660979	22666904	1	1	1	0	1	13
chr20	23433661	23445366	2	2	1	1	0	13
chr20	23439416	23440982	2	2	1	0	1	14
chr20	25228873	25240607	1	1	1	0	1	14
chr20	25423863	25428652	2	2	1	1	2	40
chr20	25559472	25595305	2	2	1	1	0	44
chr20	25594608	25595305	2	2	1	1	0	34
chr20	25876659	25908931	1	1	1	1	0	33
chr20	25904293	25912804	2	2	1	0	1	22
chr20	26002209	26011992	2	2	1	1	1	21
chr20	26106866	26127433	2	2	1	1	0	20
chr20	28601757	28602608	2	2	1	1	0	36
chr20	30377722	30378202	1	1	1	1	0	40
chr20	30378386	30379584	1	1	1	1	0	25
chr20	30388579	30391196	1	1	1	1	0	34
chr20	30514052	30514079	2	2	1	1	0	14
chr20	30685358	30715532	2	2	1	1	0	29
chr20	31440023	31445771	2	2	1	0	1	44
chr20	31453683	31501252	2	2	1	0	1	26
chr20	31479884	31522357	1	1	1	0	1	14
chr20	31493774	31522357	1	1	1	0	1	14
chr20	31501117	31518427	2	2	1	1	0	20
chr20	31532261	31539630	2	2	1	1	0	30
chr20	31553083	31554467	1	1	1	0	1	33
chr20	31554541	31565337	1	1	1	0	2	42
chr20	31561737	31569119	1	1	1	1	0	29
chr20	31586815	31620818	1	1	1	1	0	26
chr20	31591871	31636861	1	3	1	1	0	33
chr20	31600673	31600851	2	2	1	1	0	35
chr20	31689803	31690935	1	1	1	1	1	41
chr20	31726611	31763410	2	2	1	1	1	18
chr20	31739622	31742540	1	1	1	1	0	9
chr20	31742409	31755180	2	2	1	1	3	40
chr20	31755197	31775624	2	2	0	1	0	16
chr20	31758369	31772269	2	2	1	0	1	40
chr20	31775989	31777486	1	1	1	1	0	18
chr20	31839338	31840730	2	2	1	1	1	43
chr20	32021586	32046954	1	1	1	1	0	16
chr20	32047011	32072946	2	2	1	1	0	27
chr20	32054827	32072946	2	2	1	1	0	22
chr20	32078130	32087736	1	1	1	1	0	21
chr20	32105834	32153521	1	1	1	2	0	14
chr20	32136998	32141540	1	1	1	0	1	3
chr20	32157202	32180454	2	2	1	0	1	21
chr20	32157202	32181140	2	2	1	0	1	21
chr20	32215120	32260246	2	2	1	1	0	36
chr20	32222125	32224218	2	2	1	1	0	38
chr20	32249790	32283887	2	4	1	1	0	21
chr20	32268192	32269106	1	1	1	0	1	14
chr20	32280500	32314326	1	1	1	0	2	37
chr20	32349265	32397362	1	1	1	1	0	22
chr20	32369124	32372163	1	1	1	1	0	23
chr20	32397140	32422681	1	1	1	1	0	36
chr20	32456396	32474600	2	2	1	1	0	21
chr20	32530327	32549539	1	1	1	0	2	38
chr20	32659073	32694991	2	2	1	1	0	14
chr20	32682153	32729791	1	1	1	0	1	43
chr20	32687586	32699242	1	1	1	0	1	36
chr20	32691926	32770370	2	2	1	0	2	39
chr20	32694992	32725628	2	2	1	1	0	38
chr20	32695727	32707046	1	1	1	0	1	40
chr20	32698244	32729788	2	2	1	0	1	40
chr20	32699243	32712056	1	1	1	2	0	22
chr20	32711301	32721964	1	1	1	1	1	33
chr20	32716401	32729791	1	1	1	0	1	43
chr20	32721392	32733500	2	2	1	0	1	32
chr20	32732696	32753291	1	1	1	1	0	21
chr20	32732866	32735167	1	1	1	0	1	37
chr20	32733023	32744616	1	1	1	1	0	30
chr20	32737017	32753197	2	2	1	0	2	27
chr20	32739431	32747161	1	1	1	0	1	38
chr20	32748482	32760439	2	2	1	0	1	39
chr20	32813423	32827160	2	2	1	0	1	17
chr20	32856572	32861519	2	2	1	1	0	35
chr20	32870941	32881278	2	2	1	0	1	25
chr20	32870941	32883772	2	2	1	0	1	30
chr20	32922078	32937865	2	2	1	1	0	22
chr20	33117833	33155388	1	1	1	1	0	38
chr20	33130283	33135202	2	2	1	0	1	28
chr20	33258271	33307682	1	1	1	0	1	23
chr20	33359124	33360350	2	2	1	1	0	4
chr20	33372426	33397786	1	1	1	0	1	14
chr20	33391629	33429145	2	2	1	0	1	16
chr20	33394242	33404128	2	2	1	0	1	29
chr20	33421762	33464565	1	1	1	0	1	13
chr20	33421762	33471023	1	1	1	0	1	13
chr20	33426588	33428866	2	2	1	1	0	34
chr20	33436748	33479305	1	1	1	1	1	37
chr20	33436889	33437185	2	2	1	1	0	39
chr20	33449207	33497696	2	2	1	1	0	25
chr20	33450179	33485443	2	2	1	0	2	43
chr20	33453695	33464510	2	2	1	0	1	22
chr20	33464382	33479305	1	1	1	1	0	23
chr20	33472529	33509135	1	1	1	1	0	35
chr20	33480533	33515675	2	2	1	1	0	44
chr20	33485444	33529257	2	2	0	0	1	22
chr20	33486670	33529257	2	2	0	0	1	22
chr20	33494742	33498394	1	3	1	2	0	43
chr20	33498445	33539890	1	1	1	1	0	24
chr20	33529280	33530667	2	2	1	0	2	32
chr20	33551781	33576035	2	2	1	0	2	24
chr20	33625977	33639448	2	2	1	1	0	17
chr20	33657858	33657941	2	2	1	1	0	32
chr20	33691014	33725004	2	2	1	0	1	15
chr20	33692846	33738072	1	1	1	1	0	28
chr20	33706979	33739052	2	2	1	1	0	38
chr20	33712865	33730144	1	1	1	0	2	26
chr20	33712865	33750876	1	1	1	0	2	26
chr20	33712874	33743583	2	2	1	0	2	17
chr20	33739162	33750832	1	1	1	1	1	31
chr20	33749984	33761494	2	2	1	0	1	25
chr20	33763953	33800638	1	1	1	1	1	34
chr20	33786147	33790214	1	1	1	1	0	45
chr20	33788204	33800041	1	1	1	1	1	32
chr20	33848645	33850951	1	1	1	1	0	32
chr20	33895706	33898903	2	2	1	0	2	12
chr20	33895706	33907343	2	2	1	0	2	12
chr20	33952304	33957387	2	4	1	1	0	13
chr20	34019847	34028489	1	1	1	1	1	41
chr20	34077246	34078504	1	1	1	1	0	4
chr20	34078554	34084660	1	1	1	1	0	37
chr20	34097517	34098497	2	2	1	1	0	22
chr20	34098634	34103461	2	2	1	1	0	37
chr20	34103566	34105367	2	2	1	1	0	33
chr20	34113415	34114228	1	1	1	0	1	24
chr20	34160492	34173480	2	2	0	0	1	18
chr20	34219875	34227417	1	1	1	0	3	42
chr20	34226603	34275939	2	2	1	1	0	33
chr20	34275368	34302237	1	1	1	1	0	19
chr20	34289317	34325429	1	1	1	1	0	23
chr20	34304679	34309118	2	2	1	1	0	19
chr20	34355014	34361693	1	1	1	0	1	13
chr20	34356991	34358089	2	2	1	0	1	32
chr20	34356991	34384894	2	2	1	0	1	23
chr20	34356994	34396269	1	1	1	0	1	20
chr20	34369471	34393769	1	1	1	1	0	31
chr20	34379830	34387935	2	2	1	0	2	45
chr20	34397322	34421590	1	1	1	1	0	18
chr20	34399162	34415892	1	1	1	0	1	43
chr20	34405299	34416193	1	1	0	0	1	17
chr20	34410162	34416193	1	1	0	0	1	17
chr20	34412640	34413741	1	1	1	1	0	29
chr20	34431827	34451854	1	1	1	1	0	24
chr20	34502633	34533741	2	2	1	1	0	38
chr20	34533924	34536531	1	1	1	0	2	34
chr20	34534077	34546625	1	1	1	0	1	31
chr20	34534796	34540580	1	1	1	1	0	11
chr20	34589887	34608304	2	2	1	1	0	20
chr20	34600822	34628269	1	1	1	0	1	24
chr20	34625579	34655079	1	1	1	1	0	25
chr20	34635663	34681329	1	1	1	1	1	30
chr20	34654074	34700474	1	1	1	0	1	29
chr20	34721825	34735414	1	1	1	0	1	29
chr20	34725020	34731250	2	2	1	1	0	17
chr20	34729174	34755211	2	2	1	1	0	12
chr20	34751156	34764480	1	1	1	1	0	30
chr20	34755968	34778658	2	2	1	1	0	22
chr20	34788779	34812080	2	2	1	0	1	33
chr20	34821823	34865057	1	1	1	0	1	21
chr20	34830001	34865057	1	1	1	0	1	21
chr20	34834222	34836406	2	2	1	0	1	43
chr20	34835710	34836406	2	2	1	1	0	31
chr20	34842965	34854172	1	1	1	0	1	42
chr20	34842965	34865057	1	1	1	0	1	21
chr20	34866662	34870873	2	2	1	0	1	17
chr20	34867946	34870873	2	2	1	1	1	17
chr20	34879137	34889354	2	2	0	0	1	15
chr20	35068665	35105501	1	1	1	0	1	38
chr20	35090517	35105501	1	1	1	0	2	41
chr20	35201428	35231791	2	2	1	1	0	17
chr20	35206260	35255117	1	1	1	2	0	40
chr20	35215985	35221332	1	1	1	1	0	24
chr20	35219765	35230267	1	1	1	0	1	19
chr20	35235469	35264464	1	1	1	1	1	24
chr20	35236747	35255103	1	1	1	1	0	22
chr20	35271836	35272035	1	1	1	1	0	35
chr20	35279207	35279565	2	2	1	3	0	25
chr20	35353560	35384545	1	1	1	1	0	20
chr20	35355959	35403992	2	2	1	1	0	23
chr20	35402437	35410390	1	1	1	0	2	44
chr20	35405824	35412548	1	1	1	1	0	25
chr20	35410562	35423005	1	1	1	0	1	37
chr20	35414821	35415170	2	2	1	1	0	36
chr20	35427495	35439459	2	2	1	0	1	45
chr20	35457616	35459084	1	1	1	1	0	29
chr20	35490100	35505439	1	1	1	0	1	29
chr20	35542942	35543660	1	1	1	1	0	37
chr20	35557110	35557193	1	1	1	2	0	14
chr20	35557250	35557424	1	1	1	5	0	27
chr20	35626382	35626566	2	2	1	2	0	31
chr20	35634047	35678000	1	1	0	0	1	44
chr20	35676068	35683895	2	2	1	0	2	30
chr20	35681480	35683895	2	2	1	0	1	40
chr20	35686123	35723629	1	1	0	0	1	26
chr20	35689275	35733094	1	1	1	1	0	23
chr20	35693290	35723629	1	1	0	0	1	26
chr20	35699452	35699632	1	1	1	1	0	29
chr20	35699457	35699632	1	1	1	3	0	20
chr20	35699764	35700797	1	1	1	4	0	38
chr20	35704582	35704667	2	2	1	1	0	41
chr20	35723674	35747037	1	1	1	1	1	43
chr20	35732136	35738967	2	2	1	1	0	33
chr20	35737603	35747747	2	2	1	0	1	19
chr20	35740888	35741940	2	2	1	1	1	40
chr20	35740990	35741940	2	2	1	0	1	3
chr20	35742114	35742244	2	2	1	1	0	16
chr20	35755207	35764847	2	2	1	0	1	42
chr20	35758748	35807447	1	1	1	0	1	23
chr20	35781084	35793530	2	2	1	1	0	32
chr20	35785968	35833993	1	1	1	1	0	23
chr20	35787262	35788659	2	2	1	1	0	15
chr20	35793531	35806095	2	2	1	0	1	43
chr20	35797747	35807447	1	1	1	0	1	23
chr20	35828112	35850396	2	2	1	1	0	24
chr20	35858382	35863012	1	1	1	1	0	17
chr20	35898048	35908587	1	1	1	0	1	17
chr20	35938121	35975548	2	2	1	1	0	34
chr20	35949840	35963427	1	1	1	1	1	24
chr20	35970485	35973497	2	2	1	0	1	19
chr20	36081780	36103790	2	2	1	1	0	26
chr20	36087758	36107463	2	2	1	1	0	36
chr20	36103953	36140319	2	2	1	1	0	40
chr20	36136700	36168800	2	2	1	1	0	17
chr20	36184158	36233722	2	2	1	1	0	37
chr20	36418002	36450300	2	2	1	0	1	19
chr20	36421243	36430741	1	1	1	0	1	29
chr20	36434087	36451493	1	1	1	1	0	26
chr20	36438161	36450284	1	1	1	0	1	38
chr20	36451543	36496063	1	1	1	1	0	15
chr20	36475442	36510787	2	2	1	1	0	21
chr20	36501297	36517497	2	2	1	0	2	45
chr20	36517148	36561105	1	1	1	2	0	23
chr20	36518903	36535543	1	1	1	0	3	44
chr20	36518903	36545282	1	1	1	0	1	41
chr20	36525024	36545744	2	2	1	1	0	44
chr20	36526007	36526812	1	1	1	1	0	32
chr20	36535528	36555731	1	1	1	1	0	36
chr20	36535528	36571018	1	1	1	1	0	17
chr20	36539328	36558808	1	1	1	1	0	20
chr20	36546825	36553624	1	1	1	0	1	19
chr20	36561144	36583567	2	2	0	0	1	19
chr20	36571036	36586481	1	1	1	1	0	17
chr20	36616900	36642013	1	1	1	1	0	35
chr20	36636203	36639638	1	1	1	0	3	45
chr20	36643827	36683118	2	2	0	0	1	15
chr20	36656412	36656496	2	2	1	1	0	36
chr20	36656533	36660336	2	2	1	1	0	12
chr20	36673939	36697543	2	2	1	1	0	40
chr20	36696724	36702368	2	2	1	1	0	15
chr20	36703046	36705970	2	2	1	0	1	42
chr20	36716469	36753941	1	1	1	0	1	25
chr20	36727465	36728296	2	2	1	1	1	33
chr20	36758874	36772067	1	1	1	1	0	17
chr20	36759214	36795169	2	2	1	1	1	23
chr20	36765343	36766453	1	1	1	1	0	30
chr20	36811504	36842646	2	2	1	1	0	44
chr20	36813521	36844807	1	1	1	0	1	29
chr20	36817165	36830328	1	3	1	1	0	12
chr20	36821432	36852954	1	3	1	1	0	26
chr20	36890585	36932537	2	2	1	0	1	23
chr20	36909546	36931511	2	2	1	1	0	39
chr20	36915113	36920853	1	1	1	1	0	15
chr20	36939380	36945697	1	1	1	0	1	35
chr20	36942189	36949529	1	1	1	0	2	16
chr20	36949047	36974515	2	2	1	1	0	18
chr20	36955736	36995543	1	1	1	1	0	45
chr20	36959783	36961994	2	2	1	1	1	12
chr20	36988055	37033551	1	1	1	0	1	40
chr20	36993987	36995547	1	1	1	0	2	43
chr20	37001620	37013448	2	2	1	0	2	26
chr20	37001620	37070329	2	2	1	0	2	26
chr20	37025976	37038833	2	2	1	0	1	33
chr20	37050468	37062904	2	2	1	1	0	21
chr20	37062271	37065423	2	2	1	1	0	7
chr20	37065474	37066723	2	2	1	2	0	43
chr20	37109453	37135013	2	2	1	0	1	32
chr20	37109453	37135104	2	2	1	0	2	32
chr20	37114509	37117624	1	1	1	0	1	15
chr20	37117531	37127208	1	1	1	1	2	35
chr20	37182305	37183428	1	3	1	1	0	35
chr20	37234096	37236579	1	1	1	2	0	39
chr20	37236710	37241302	1	1	1	1	0	17
chr20	37249649	37264372	2	2	1	1	0	31
chr20	37335051	37368276	1	1	1	1	0	33
chr20	37374853	37375208	1	1	1	1	0	25
chr20	37494693	37533058	2	2	1	1	0	37
chr20	37660067	37663040	1	1	1	0	1	21
chr20	37666269	37679873	2	2	1	0	1	41
chr20	37673194	37681220	2	2	1	0	1	19
chr20	37694153	37732878	1	1	1	1	0	28
chr20	37860037	37860271	1	1	1	2	0	10
chr20	37860345	37871924	1	1	1	1	0	10
chr20	38038656	38049107	2	2	1	0	2	41
chr20	38039877	38049091	1	1	1	0	1	32
chr20	38122855	38155082	1	1	1	1	0	19
chr20	38131230	38132339	2	2	1	1	0	18
chr20	38146895	38147960	2	2	1	1	0	14
chr20	38244954	38251796	2	2	1	0	1	18
chr20	38421099	38422290	2	2	1	1	0	29
chr20	38465357	38482673	2	2	1	1	0	19
chr20	38475828	38490720	1	1	1	0	3	12
chr20	38475828	38490855	1	1	1	0	2	12
chr20	38662137	38667107	1	1	1	0	1	18
chr20	38744857	38791072	2	2	1	0	1	38
chr20	38847602	38869403	2	2	1	2	0	24
chr20	38910783	38955242	1	1	1	0	1	44
chr20	38933998	38950962	1	1	1	1	0	16
chr20	39062763	39084818	2	2	1	0	1	15
chr20	39900495	39942291	1	1	1	0	2	29
chr20	40445733	40448477	1	1	1	1	1	26
chr20	40998786	41016753	2	2	1	1	0	23
chr20	41029101	41029430	1	1	1	1	0	11
chr20	41029456	41061393	1	1	1	1	0	25
chr20	41077638	41080084	1	1	1	2	0	45
chr20	41080181	41081164	1	1	1	1	0	32
chr20	41127625	41129999	2	2	1	0	1	14
chr20	41232818	41239241	2	2	1	0	2	35
chr20	41232818	41277823	2	2	1	0	1	35
chr20	41288269	41294611	2	2	1	1	0	34
chr20	41315442	41326766	2	2	1	0	1	34
chr20	41325065	41336225	2	2	1	1	0	39
chr20	41377977	41385135	2	2	1	0	1	24
chr20	41425395	41426092	2	2	1	1	0	6
chr20	41578989	41591957	1	1	1	0	1	15
chr20	41755369	41787631	2	2	1	1	0	33
chr20	42333930	42372533	2	2	1	0	1	18
chr20	42622441	42640587	2	2	1	1	0	24
chr20	43125255	43150711	2	4	1	1	1	38
chr20	43427998	43443261	2	2	1	0	1	12
chr20	43460599	43460702	1	1	1	1	0	35
chr20	43518794	43523780	1	1	1	1	1	45
chr20	43531551	43580564	2	2	1	1	0	25
chr20	43578267	43597153	2	2	1	0	1	14
chr20	43578360	43620530	2	2	1	1	0	18
chr20	43617495	43648219	1	1	1	0	1	14
chr20	43626938	43645330	1	1	1	1	0	22
chr20	43632478	43655015	2	2	1	0	1	19
chr20	43641352	43641607	2	2	1	1	1	31
chr20	43642936	43650375	1	1	1	1	0	35
chr20	43643974	43685021	2	2	1	1	0	25
chr20	43648538	43652194	1	1	1	0	1	16
chr20	43653795	43694167	2	2	1	1	0	29
chr20	43661449	43675561	2	2	1	0	1	36
chr20	43690349	43736378	1	1	1	1	0	40
chr20	43715980	43716222	1	1	1	1	0	12
chr20	43785464	43786235	1	1	1	1	0	15
chr20	43813136	43822935	2	2	1	1	2	38
chr20	43836756	43854443	2	2	1	0	1	40
chr20	44148837	44198392	1	1	0	0	1	12
chr20	44198405	44205725	1	1	1	0	1	36
chr20	44205710	44238369	1	1	0	0	1	18
chr20	44220302	44235279	1	1	1	0	1	44
chr20	44225903	44226816	2	2	1	1	0	34
chr20	44230528	44267378	1	1	1	0	2	22
chr20	44238388	44267396	1	1	1	1	1	32
chr20	44252422	44269713	2	2	1	0	1	31
chr20	44266091	44269713	2	2	1	0	1	39
chr20	44281186	44317775	2	2	1	1	0	19
chr20	44296560	44309410	2	2	1	0	1	19
chr20	44296565	44328066	1	1	1	0	1	14
chr20	44346968	44349895	2	2	1	1	0	35
chr20	44386019	44418934	2	2	1	0	1	22
chr20	44418968	44464476	1	1	1	1	1	39
chr20	44503388	44515093	2	2	1	0	1	23
chr20	44619848	44620298	2	2	1	1	0	8
chr20	44628307	44663638	2	2	1	2	0	33
chr20	44852914	44880258	2	2	1	0	1	28
chr20	44891342	44893932	1	1	1	0	2	35
chr20	44904117	44904967	1	1	1	1	0	21
chr20	44905132	44906000	1	1	1	3	0	35
chr20	44906097	44906381	1	1	1	2	0	40
chr20	44920641	44968314	1	1	1	1	0	38
chr20	44927649	44931658	2	4	1	1	0	17
chr20	45000521	45001166	1	1	1	1	0	27
chr20	45252420	45253001	2	2	1	1	0	28
chr20	45277027	45285021	2	2	1	0	2	40
chr20	45277738	45284350	2	2	1	1	0	29
chr20	45377707	45427095	1	1	1	1	1	27
chr20	45386340	45393355	2	2	1	0	1	39
chr20	45591255	45605218	2	2	1	0	3	22
chr20	45781185	45788239	1	1	1	0	1	18
chr20	45781185	45795734	1	1	1	0	1	18
chr20	45784515	45831349	1	1	1	0	1	44
chr20	45786880	45819160	1	1	1	0	1	32
chr20	45791440	45839036	1	1	1	0	2	30
chr20	45793345	45806137	2	2	1	0	2	36
chr20	45793345	45808422	2	2	1	0	1	36
chr20	45795031	45815069	2	2	1	0	1	20
chr20	45807265	45839036	1	1	1	0	1	30
chr20	45808410	45831345	1	1	1	0	1	41
chr20	45814471	45815853	1	1	1	1	0	17
chr20	45815746	45815853	1	1	1	2	0	40
chr20	45815914	45816708	1	1	1	5	0	38
chr20	45841957	45843526	2	2	1	1	0	18
chr20	45867256	45882099	2	2	1	0	2	40
chr20	45875649	45896579	2	2	1	1	0	18
chr20	45966314	45981231	1	1	1	1	0	39
chr20	46117557	46131972	1	1	1	1	0	33
chr20	46840018	46883491	1	1	1	0	1	18
chr20	46967238	46983008	1	1	1	0	1	36
chr20	46976545	47010946	2	2	1	1	0	22
chr20	46982961	46988892	1	1	1	0	1	15
chr20	46982961	47023824	1	1	1	0	1	15
chr20	47082032	47109572	1	1	1	1	0	12
chr20	47170139	47214725	2	2	0	1	0	18
chr20	47214744	47234297	2	2	1	1	1	40
chr20	47223607	47273327	2	2	1	1	0	42
chr20	47265523	47271763	2	2	1	0	1	38
chr20	47275279	47282511	1	1	1	0	1	39
chr20	47294780	47298728	2	2	1	1	0	22
chr20	47320501	47364807	2	2	1	0	1	14
chr20	47369856	47371788	2	2	1	1	0	12
chr20	47375717	47409997	2	2	1	1	0	22
chr20	47381649	47394744	1	1	1	0	1	38
chr20	47384744	47395301	2	2	1	0	2	26
chr20	47391302	47395301	2	2	1	0	2	26
chr20	47394831	47402237	1	1	1	0	1	12
chr20	47394831	47442802	1	1	1	0	1	12
chr20	47462249	47491471	2	2	1	2	0	36
chr20	47467925	47474902	2	2	1	0	1	43
chr20	47478032	47490665	1	1	1	1	0	26
chr20	47489928	47522972	2	2	1	0	1	31
chr20	47616081	47618157	2	2	1	0	1	31
chr20	47633637	47634047	1	1	1	1	0	42
chr20	47718062	47721614	2	2	1	0	1	16
chr20	48318737	48320986	2	2	1	1	0	23
chr20	48469979	48481628	1	1	1	0	2	45
chr20	48918380	48927610	2	2	1	0	1	20
chr20	49008939	49030140	2	2	1	1	0	31
chr20	49023774	49057867	1	1	1	0	3	44
chr20	49031256	49039299	1	1	1	1	0	34
chr20	49051332	49059971	1	1	1	0	1	43
chr20	49055628	49059961	1	1	1	1	0	12
chr20	49072698	49074784	1	1	1	1	0	11
chr20	49074851	49075317	1	1	1	1	0	13
chr20	49076270	49079308	2	2	1	0	1	31
chr20	49125405	49145298	2	2	1	0	1	45
chr20	49125723	49140060	2	2	1	0	1	38
chr20	49125771	49140108	2	2	1	0	1	37
chr20	49131718	49145298	2	2	1	0	1	45
chr20	49139561	49178585	2	2	1	1	0	35
chr20	49140061	49145298	2	2	1	0	1	45
chr20	49140122	49179182	1	1	1	1	0	29
chr20	49141746	49177496	1	1	1	0	1	12
chr20	49162560	49162978	1	1	1	0	1	41
chr20	49173240	49196218	2	2	1	1	1	15
chr20	49189082	49193855	1	1	1	0	1	35
chr20	49197633	49218105	2	2	0	0	1	41
chr20	49218458	49221192	2	2	1	0	3	44
chr20	49221599	49222956	1	1	1	1	0	5
chr20	49222597	49257783	2	2	1	0	1	14
chr20	49228072	49250941	2	2	1	0	1	12
chr20	49229120	49254108	2	2	1	0	1	17
chr20	49236511	49238948	1	1	1	1	0	28
chr20	49242207	49242593	1	1	1	1	0	21
chr20	49243704	49243815	1	1	1	1	0	15
chr20	49245458	49284736	1	1	1	1	0	17
chr20	49265970	49311501	1	1	1	0	1	13
chr20	49279209	49280484	1	1	1	2	0	43
chr20	49280571	49280902	1	1	1	2	0	42
chr20	49280965	49289044	1	1	1	4	0	18
chr20	49290340	49299830	2	2	1	1	0	35
chr20	49299045	49303799	2	2	1	1	0	13
chr20	49305577	49352653	2	2	1	0	1	44
chr20	49386573	49425998	2	2	1	0	1	15
chr20	49604203	49615249	2	2	1	0	1	32
chr20	49606487	49644118	1	1	1	0	1	32
chr20	49655793	49660858	1	1	1	1	0	26
chr20	49722728	49771955	1	1	1	0	1	17
chr20	49729527	49735938	2	2	1	1	0	31
chr20	49772044	49808205	1	1	1	1	0	18
chr20	49779811	49802944	1	1	1	0	1	30
chr20	49781204	49842256	1	1	1	2	0	44
chr20	49783234	49789617	1	3	1	1	0	30
chr20	49787345	49795556	1	1	1	1	0	40
chr20	49828224	49875877	1	1	1	1	0	13
chr20	49841844	49842316	2	2	1	0	1	29
chr20	49846075	49894763	1	1	1	1	2	42
chr20	49858731	49861316	1	1	1	1	0	34
chr20	49869458	49902190	1	1	1	0	1	20
chr20	49909137	49944182	2	2	1	1	0	40
chr20	49935343	49943940	1	1	0	0	1	23
chr20	49935343	49948002	1	1	0	0	1	23
chr20	49940662	49954524	2	2	1	1	0	36
chr20	49943964	49964249	1	1	1	0	2	23
chr20	49946251	49949247	1	1	1	1	0	31
chr20	49948026	49964249	1	1	1	0	2	23
chr20	49995486	49996137	1	1	1	0	1	42
chr20	50026433	50059518	2	2	1	1	0	32
chr20	50087183	50093776	1	1	1	1	0	18
chr20	50127485	50160963	1	1	1	0	1	34
chr20	50127485	50168871	1	1	1	1	0	20
chr20	50150919	50180102	2	2	1	1	0	15
chr20	50161484	50167954	2	2	1	1	1	43
chr20	50165384	50205491	2	2	1	1	0	43
chr20	50410190	50418747	1	1	1	0	1	30
chr20	50443940	50485153	2	2	1	1	0	15
chr20	50444150	50463624	2	2	1	1	0	44
chr20	50452590	50544076	2	2	1	2	0	28
chr20	50458343	50480580	1	3	1	2	0	20
chr20	50479156	50485120	1	1	1	1	0	28
chr20	50483202	50495439	2	2	1	1	0	39
chr20	50510591	50561362	1	1	1	1	0	17
chr20	50537198	50576750	2	2	1	2	2	33
chr20	50561454	50564968	1	1	1	1	0	27
chr20	50619377	50626949	1	1	1	1	0	38
chr20	50622666	50626858	2	2	1	0	1	16
chr20	50623037	50627273	1	1	1	1	1	26
chr20	50623071	50661044	2	2	1	1	0	20
chr20	50626809	50657313	1	1	1	0	2	18
chr20	50633046	50637656	2	2	1	1	0	35
chr20	50650385	50671009	2	2	1	1	0	20
chr20	50652514	50661160	2	2	1	1	0	24
chr20	50679527	50685592	1	1	1	0	1	40
chr20	50686289	50721193	2	2	1	0	2	23
chr20	50686292	50689411	1	1	1	0	2	20
chr20	50744246	50777159	1	1	1	0	1	23
chr20	50744274	50763471	2	2	1	0	1	39
chr20	50773919	50789881	2	2	1	1	0	15
chr20	50830780	50831342	1	1	1	1	0	27
chr20	50840390	50892276	2	2	1	10	0	17
chr20	50853376	50857361	2	2	1	0	1	41
chr20	50864901	50906017	2	2	1	1	0	25
chr20	50960991	50974608	2	2	1	0	1	42
chr20	50969852	50988594	2	2	1	0	1	45
chr20	50973859	50975394	2	2	1	1	0	24
chr20	50978941	50985193	1	1	1	0	1	32
chr20	51010682	51016223	1	1	1	1	0	38
chr20	51336027	51342143	2	2	1	0	3	43
chr20	51517792	51567406	2	2	1	0	1	37
chr20	51606556	51621005	1	1	1	1	0	14
chr20	51607817	51630475	1	1	1	1	0	42
chr20	51626364	51650408	2	2	1	0	1	23
chr20	51635501	51649677	1	1	1	0	1	35
chr20	51647605	51650408	2	2	1	0	1	23
chr20	51662853	51666462	2	2	1	0	1	28
chr20	51680066	51728463	2	2	1	0	1	33
chr20	51702222	51729667	2	2	1	0	1	16
chr20	51719608	51724045	2	2	1	0	1	26
chr20	51720546	51734844	1	1	1	1	1	13
chr20	51760509	51774266	2	2	1	0	1	20
chr20	51838621	51840384	2	2	1	0	1	38
chr20	51840740	51877745	2	4	1	1	0	41
chr20	51841990	51844099	2	2	1	0	2	39
chr20	51852298	51854782	1	1	1	1	0	45
chr20	51855663	51875536	2	2	1	1	0	22
chr20	51864816	51908311	1	1	1	1	1	14
chr20	51871685	51879870	2	2	1	1	0	13
chr20	51876010	51884052	2	2	1	1	0	23
chr20	51877648	51912143	2	2	1	0	1	29
chr20	51880158	51948911	1	1	1	2	0	23
chr20	51884107	51928493	1	1	1	1	0	27
chr20	51898824	51899581	2	2	1	0	1	32
chr20	51901161	51926560	2	2	1	2	0	42
chr20	51903393	51915746	1	1	1	0	1	25
chr20	51909104	51954337	2	2	1	0	1	17
chr20	51921657	51954337	2	2	1	0	1	17
chr20	51932423	51932735	2	2	1	1	0	40
chr20	51933766	51968874	2	2	0	0	1	13
chr20	51957388	51967554	2	2	1	1	0	31
chr20	51973513	52008241	1	1	1	0	1	38
chr20	51973513	52009925	1	1	1	0	1	38
chr20	51979172	52008376	2	2	1	1	0	20
chr20	51991819	52035272	2	2	0	0	1	25
chr20	51998578	52016556	1	1	0	0	1	18
chr20	51998578	52032533	1	1	1	0	2	22
chr20	52016575	52032551	1	1	1	0	2	40
chr20	52035278	52050137	1	1	1	0	1	45
chr20	52035298	52046144	2	4	1	1	1	42
chr20	52042023	52055314	1	1	1	1	0	44
chr20	52086756	52116413	1	3	1	1	0	25
chr20	52093371	52111445	2	2	1	1	0	25
chr20	52158642	52170387	1	1	0	0	1	44
chr20	52195796	52203814	1	1	1	0	1	19
chr20	52204792	52228121	1	1	1	0	1	25
chr20	52219407	52228086	2	2	1	1	0	36
chr20	52682944	52691401	2	2	1	1	0	31
chr20	53106780	53128703	2	2	1	1	0	20
chr20	53181674	53185464	1	1	1	0	1	25
chr20	53301189	53333688	2	2	1	0	1	38
chr20	53431244	53452386	1	1	1	1	0	38
chr20	53469363	53518320	1	1	1	1	0	38
chr20	53523090	53545831	2	2	1	0	1	20
chr20	53533886	53551851	2	2	1	0	1	27
chr20	53533964	53535601	1	1	1	1	0	20
chr20	53535637	53565710	2	2	1	0	2	42
chr20	53545876	53555548	2	2	1	0	1	44
chr20	53603215	53619230	1	1	1	0	1	19
chr20	53603215	53633382	1	1	1	0	1	19
chr20	53609113	53646147	1	1	1	1	0	17
chr20	53610918	53619314	1	1	1	1	1	38
chr20	53640524	53684121	1	1	1	0	1	15
chr20	53659595	53684121	1	1	1	0	1	15
chr20	53665709	53684121	1	1	1	0	1	15
chr20	53672057	53690022	2	2	1	0	1	18
chr20	53674401	53705948	2	2	1	0	1	24
chr20	53686396	53690808	1	1	1	0	1	36
chr20	53690041	53717759	2	2	1	1	1	38
chr20	53710442	53720873	1	1	1	0	1	43
chr20	53710455	53732283	2	2	1	0	1	30
chr20	53716268	53719461	2	2	1	1	0	22
chr20	53732247	53780799	1	1	1	1	0	32
chr20	53758441	53770027	1	1	1	1	0	14
chr20	53765362	53766018	2	2	1	0	1	23
chr20	53765448	53770828	2	2	1	0	1	41
chr20	53781259	53807899	2	2	1	1	0	18
chr20	53838917	53849249	2	2	1	1	2	30
chr20	53896024	53909698	1	1	1	1	0	42
chr20	54215441	54219018	1	1	1	5	0	38
chr20	54485117	54496552	1	1	1	0	1	28
chr20	54523336	54553665	1	1	1	1	0	16
chr20	54523749	54537981	1	1	1	0	1	39
chr20	54553339	54572303	1	1	1	1	0	25
chr20	54553682	54595126	1	1	1	1	0	16
chr20	54631759	54644489	1	1	1	0	1	45
chr20	54740456	54770676	2	2	1	2	0	37
chr20	54876586	54883112	1	1	1	0	1	26
chr20	55849780	55864167	2	2	1	0	1	45
chr20	56023932	56048552	2	2	1	1	0	37
chr20	56376955	56381022	2	2	1	1	0	31
chr20	56381572	56382984	2	2	1	1	0	20
chr20	56388662	56408368	2	2	1	1	1	20
chr20	56408455	56413608	1	1	1	0	1	14
chr20	56474772	56476984	1	1	1	1	0	38
chr20	56476582	56523549	2	2	1	1	0	12
chr20	56477125	56484110	1	1	1	1	0	37
chr20	56488130	56527875	1	1	1	1	0	41
chr20	56529067	56549465	1	1	1	1	0	28
chr20	56529616	56555683	1	1	1	1	0	14
chr20	56534979	56535520	1	1	1	1	0	35
chr20	56606067	56612345	2	2	1	1	0	18
chr20	56613919	56650604	2	2	1	1	0	35
chr20	56615022	56615682	2	2	1	1	0	25
chr20	56618129	56618964	1	1	1	1	0	44
chr20	56666871	56679584	1	1	1	0	1	44
chr20	56680684	56705121	2	2	1	1	0	36
chr20	56697180	56746239	2	2	1	0	1	26
chr20	56697251	56733056	2	2	1	1	0	41
chr20	56704201	56705750	1	1	1	1	2	45
chr20	56767676	56769172	2	2	1	2	0	38
chr20	56784626	56815426	2	2	1	0	1	24
chr20	56787484	56815426	2	2	1	0	1	24
chr20	56789796	56815426	2	2	1	0	1	24
chr20	56794782	56795084	2	2	1	1	1	41
chr20	57118650	57166351	1	1	1	1	0	44
chr20	57170062	57186119	1	1	1	1	0	30
chr20	57197133	57230909	2	2	1	0	1	44
chr20	57227058	57230909	2	2	1	0	1	44
chr20	57274035	57302214	1	1	1	1	0	13
chr20	57299128	57338675	2	2	1	1	0	12
chr20	57373582	57373662	1	1	1	1	0	3
chr20	57373739	57374606	1	1	1	1	0	11
chr20	57484645	57488577	1	1	1	1	0	28
chr20	58281172	58314666	2	2	1	0	1	27
chr20	58281172	58325000	2	2	1	0	1	27
chr20	58356098	58384615	1	1	1	2	0	20
chr20	58411513	58430806	2	2	1	1	0	16
chr20	58438471	58451900	1	1	1	1	0	23
chr20	58774063	58799531	1	1	1	1	0	23
chr20	58868103	58902813	2	2	1	0	1	18
chr20	59000151	59021767	1	1	1	0	1	21
chr20	59020401	59045343	2	2	1	1	0	37
chr20	59028842	59030302	2	2	1	28	0	38
chr20	59030430	59032219	2	2	1	2	0	18
chr20	59477613	59510702	1	1	1	2	1	35
chr20	59942310	59942426	1	1	1	1	0	25
chr20	60358188	60374338	2	2	1	1	0	26
chr20	61013253	61025952	2	2	1	1	1	39
chr20	62017713	62029780	2	2	1	0	1	14
chr20	62035053	62038393	2	2	1	1	0	21
chr20	62038835	62079036	2	2	1	1	0	34
chr20	62092506	62103152	2	2	1	1	0	40
chr20	62136950	62137363	2	2	1	8	0	44
chr20	62137427	62138170	2	2	1	11	0	42
chr20	62138291	62139074	2	2	1	15	0	44
chr20	62167292	62186777	2	2	1	1	0	18
chr20	62178456	62178769	1	3	1	1	0	21
chr20	62179357	62180168	1	1	1	1	0	25
chr20	62308179	62308367	1	1	1	2	0	10
chr20	62308471	62308654	1	1	1	2	0	33
chr20	62345161	62385957	1	1	1	0	1	30
chr20	62387137	62387320	1	1	1	27	0	33
chr20	62387389	62387610	1	1	1	10	0	41
chr20	62387675	62387842	1	1	1	30	0	44
chr20	62387915	62388308	1	1	1	19	0	43
chr20	62388365	62388456	1	1	1	5	0	43
chr20	62399181	62399479	2	2	1	0	2	34
chr20	62871437	62883154	2	2	1	1	0	32
chr20	63528489	63551665	2	2	1	0	1	38
chr20	63586604	63594830	2	2	1	0	1	30
chr20	63586744	63600268	2	2	1	0	1	14
chr20	63600500	63611393	2	2	1	1	0	27
chr20	63606507	63637854	2	2	1	1	1	44
chr20	63631869	63636199	1	1	1	0	1	41
chr20	63632704	63645734	2	2	1	1	0	33
chr20	63634274	63656338	2	2	1	1	0	42
chr20	63636722	63656338	2	2	1	0	1	22
chr20	63639021	63650019	1	1	1	0	1	16
chr20	63646946	63650019	1	1	1	0	1	16
chr20	63647442	63673219	2	2	1	1	0	44
chr20	63673611	63684640	1	1	1	1	1	25
chr20	63702218	63706356	2	2	1	1	0	35
chr20	63710340	63711769	1	1	1	1	0	32
chr20	63715383	63754742	1	1	1	1	0	36
chr20	63717714	63754742	1	1	1	0	1	32
chr20	63717812	63718835	1	1	1	0	1	13
chr20	63725217	63730714	2	2	1	1	0	38
chr20	63781016	63818732	2	2	1	1	0	27
chr20	63783199	63798443	1	1	1	0	1	17
chr20	63788608	63798443	1	1	1	0	1	17
chr20	63813275	63833415	2	2	1	2	1	43
chr20	63853121	63861163	1	1	1	0	1	19
chr20	63853125	63880663	1	1	1	1	0	30
chr20	63873016	63917420	2	2	1	1	0	25
chr20	63874313	63886875	2	2	1	0	2	40
chr20	63882821	63889189	1	1	1	1	0	45
chr20	63930596	63937319	2	2	1	0	2	23
chr20	63953315	63953637	1	1	1	0	1	20
chr20	63972060	63992492	1	1	1	1	0	12
chr20	63989663	63990000	2	2	1	2	0	42
chr20	63994240	64033653	2	2	1	0	1	14
chr20	63994272	63995770	2	2	1	1	0	24
chr20	63998348	64002898	2	2	1	0	1	28
chr20	63998348	64008031	2	2	1	0	1	28
chr20	64070636	64071869	1	1	1	1	0	35
